1 7
8 4
12 4
16 5
21 3
24 2
26 2
28 3
31 3
34 4
38 3
41 2
43 2
45 1
46 3
49 3
52 2
54 2
56 2
58 2
60 1
61 2
63 1
64 4
68 8
76 6
82 4
86 3
89 2
91 1
92 1
93 2
95 1
96 1
97 2
99 2
101 1
102 2
104 1
105 1
106 1
107 1
108 1
109 1
110 2
112 1
113 1
114 1
115 1
116 5
121 2
123 2
125 3
128 1
129 2
131 1
132 1
133 1
134 1
135 2
137 1
138 1
139 2
141 2
143 2
145 2
147 1
148 1
149 4
153 1
154 2
156 2
158 2
160 1
161 2
163 1
164 4
168 1
169 3
172 2
174 3
177 1
178 2
180 1
181 1
182 2
184 3
187 1
188 1
189 1
190 1
191 1
192 1
193 3
196 2
198 14
212 4
216 5
221 2
223 1
224 2
226 1
227 1
228 2
230 2
232 1
233 1
234 6
240 3
243 5
248 1
249 3
252 4
256 6
262 1
263 4
267 1
268 1
269 1
270 2
272 2
274 3
277 1
278 2
280 1
281 2
283 1
284 1
285 1
286 1
287 1
288 1
289 1
290 1
291 2
293 2
295 1
296 1
297 1
298 1
299 1
300 1
301 1
302 1
303 1
304 1
305 1
306 1
307 1
308 1
309 1
310 1
311 1
312 1
313 3
316 1
317 1
318 1
319 2
321 1
322 2
324 3
327 3
330 1
331 1
332 2
334 2
336 1
337 1
338 1
339 1
340 2
342 2
344 1
345 1
346 2
348 1
349 3
352 1
353 1
354 4
358 3
361 1
362 1
363 1
364 1
365 1
366 1
367 2
369 2
371 2
373 1
374 1
375 2
377 1
378 1
379 2
381 1
382 2
384 4
388 2
390 1
391 1
392 3
395 2
397 1
398 3
401 1
402 4
406 1
407 1
408 1
409 1
410 1
411 1
412 2
414 1
415 1
416 1
417 1
418 1
419 1
420 1
421 2
423 1
424 1
425 1
426 2
428 1
429 1
430 1
431 2
433 1
434 1
435 2
437 1
438 1
439 1
440 2
442 2
444 3
447 1
448 1
449 1
450 1
451 2
453 2
455 1
456 3
459 1
460 1
461 1
462 2
464 2
466 1
467 1
468 2
470 2
472 1
473 1
474 3
477 1
478 3
481 1
482 1
483 1
484 1
485 1
486 1
487 1
488 1
489 1
490 1
491 1
492 1
493 1
494 1
495 1
496 1
497 1
498 1
499 1
500 1
501 1
502 1
503 1
504 1
505 1
506 1
507 1
508 1
509 1
510 1
511 1
512 1
513 1
514 1
515 1
516 1
517 1
518 1
519 1
520 3
523 1
524 2
526 1
527 1
528 2
530 1
531 1
532 1
533 1
534 1
535 1
536 1
537 1
538 1
539 1
540 1
541 1
542 1
543 1
544 1
545 1
546 1
547 1
548 1
549 1
550 1
551 1
552 1
553 1
554 1
555 1
556 1
557 1
558 1
559 1
560 1
561 1
562 1
563 1
564 1
565 1
566 1
567 1
568 2
570 1
571 1
572 1
573 1
574 1
575 1
576 1
577 1
578 1
579 1
580 1
581 1
582 1
583 1
584 3
587 2
589 1
590 1
591 1
592 2
594 1
595 1
596 1
597 1
598 1
599 1
600 1
601 2
603 1
604 1
605 1
606 1
607 1
608 2
610 2
612 5
617 2
619 1
620 1
621 1
622 1
623 2
625 2
627 1
628 1
629 1
630 1
631 1
632 2
634 1
635 2
637 2
639 1
640 1
641 1
642 4
646 1
647 1
648 2
650 1
651 2
653 1
654 1
655 1
656 2
658 1
659 2
661 1
662 1
663 4
667 2
669 4
673 1
674 3
677 2
679 2
681 2
683 7
690 4
694 1
695 1
696 1
697 2
699 8
707 1
708 1
709 1
710 1
711 1
712 1
713 1
714 1
715 2
717 1
718 1
719 2
721 4
725 7
732 2
734 3
737 2
739 2
741 4
745 2
747 1
748 1
749 1
750 1
751 1
752 2
754 5
759 3
762 10
772 3
775 2
777 4
781 3
784 1
785 6
791 1
792 1
793 6
799 3
802 1
803 7
810 5
815 1
816 1
817 3
820 1
821 1
822 5
827 3
830 2
832 2
834 4
838 2
840 1
841 1
842 2
844 1
845 2
847 2
849 1
850 3
853 2
855 2
857 1
858 1
859 1
860 3
863 1
864 1
865 1
866 1
867 3
870 1
871 1
872 6
878 1
879 4
883 1
884 1
885 3
888 1
889 3
892 1
893 1
894 2
896 1
897 3
900 4
904 7
911 5
916 3
919 1
920 1
921 1
922 1
923 1
924 1
925 5
930 1
931 1
932 1
933 1
934 2
936 2
938 4
942 1
943 3
946 1
947 4
951 3
954 1
955 3
958 3
961 1
962 1
963 1
964 1
965 1
966 1
967 4
971 2
973 2
975 1
976 5
981 3
984 1
985 1
986 3
989 2
991 1
992 2
994 2
996 2
998 1
999 1
1000 2
1002 1
1003 2
1005 3
1008 1
1009 2
1011 1
1012 1
1013 4
1017 1
1018 1
1019 1
1020 1
1021 1
1022 1
1023 1
1024 3
1027 2
1029 2
1031 8
1039 2
1041 3
1044 4
1048 1
1049 1
1050 2
1052 1
1053 1
1054 3
1057 2
1059 1
1060 1
1061 1
1062 1
1063 1
1064 4
1068 3
1071 2
1073 3
1076 5
1081 2
1083 3
1086 3
1089 2
1091 6
1097 1
1098 1
1099 1
1100 1
1101 2
1103 1
1104 1
1105 1
1106 1
1107 1
1108 1
1109 1
1110 1
1111 2
1113 1
1114 1
1115 1
1116 1
1117 1
1118 1
1119 1
1120 1
1121 1
1122 1
1123 1
1124 1
1125 2
1127 1
1128 1
1129 1
1130 1
1131 1
1132 1
1133 1
1134 1
1135 1
1136 3
1139 1
1140 1
1141 1
1142 1
1143 1
1144 1
1145 1
1146 1
1147 1
1148 1
1149 1
1150 1
1151 1
1152 1
1153 1
1154 1
1155 1
1156 1
1157 1
1158 1
1159 1
1160 1
1161 1
1162 2
1164 1
1165 1
1166 1
1167 1
1168 3
1171 1
1172 2
1174 2
1176 1
1177 1
1178 1
1179 1
1180 1
1181 1
1182 1
1183 1
1184 1
1185 1
1186 1
1187 1
1188 1
1189 1
1190 1
1191 1
1192 1
1193 1
1194 1
1195 1
1196 1
1197 1
1198 1
1199 1
1200 1
1201 1
1202 1
1203 1
1204 1
1205 1
1206 1
1207 1
1208 1
1209 1
1210 1
1211 1
1212 1
1213 1
1214 1
1215 1
1216 1
1217 1
1218 1
1219 1
1220 1
1221 1
1222 1
1223 1
1224 2
1226 3
1229 1
1230 1
1231 2
1233 2
1235 4
1239 2
1241 1
1242 1
1243 1
1244 2
1246 1
1247 1
1248 1
1249 1
1250 1
1251 1
1252 2
1254 1
1255 2
1257 1
1258 1
1259 1
1260 1
1261 1
1262 3
1265 1
1266 3
1269 6
1275 2
1277 1
1278 3
1281 1
1282 2
1284 1
1285 1
1286 1
1287 1
1288 2
1290 1
1291 1
1292 1
1293 2
1295 2
1297 1
1298 1
1299 3
1302 2
1304 2
1306 2
1308 2
1310 1
1311 1
1312 1
1313 1
1314 1
1315 1
1316 1
1317 1
1318 1
1319 1
1320 1
1321 1
1322 1
1323 1
1324 1
1325 1
1326 1
1327 1
1328 1
1329 1
1330 1
1331 1
1332 1
1333 1
1334 1
1335 1
1336 1
1337 1
1338 1
1339 1
1340 1
1341 1
1342 1
1343 1
1344 1
1345 1
1346 1
1347 1
1348 1
1349 1
1350 1
1351 1
1352 1
1353 1
1354 1
1355 1
1356 1
1357 1
1358 3
1361 3
1364 1
1365 1
1366 1
1367 1
1368 5
1373 2
1375 3
1378 2
1380 2
1382 2
1384 1
1385 1
1386 1
1387 2
1389 1
1390 2
1392 2
1394 2
1396 5
1401 4
1405 2
1407 2
1409 3
1412 3
1415 1
1416 1
1417 1
1418 1
1419 3
1422 1
1423 2
1425 1
1426 3
1429 2
1431 1
1432 1
1433 1
1434 1
1435 5
1440 2
1442 2
1444 1
1445 2
1447 1
1448 1
1449 1
1450 1
1451 3
1454 2
1456 2
1458 4
1462 2
1464 2
1466 2
1468 3
1471 2
1473 1
1474 1
1475 1
1476 1
1477 1
1478 1
1479 1
1480 2
1482 3
1485 1
1486 3
1489 1
1490 3
1493 4
1497 3
1500 2
1502 1
1503 1
1504 1
1505 1
1506 5
1511 1
1512 3
1515 2
1517 2
1519 1
1520 1
1521 1
1522 2
1524 3
1527 3
1530 6
1536 1
1537 2
1539 1
1540 2
1542 3
1545 1
1546 4
1550 1
1551 1
1552 1
1553 1
1554 1
1555 1
1556 1
1557 1
1558 1
1559 1
1560 1
1561 1
1562 1
1563 1
1564 1
1565 1
1566 1
1567 1
1568 1
1569 1
1570 1
1571 1
1572 1
1573 1
1574 1
1575 1
1576 1
1577 1
1578 1
1579 2
1581 2
1583 2
1585 3
1588 1
1589 1
1590 2
1592 2
1594 4
1598 1
1599 1
1600 1
1601 1
1602 1
1603 1
1604 1
1605 5
1610 1
1611 1
1612 2
1614 3
1617 1
1618 2
1620 1
1621 3
1624 4
1628 3
1631 1
1632 1
1633 1
1634 2
1636 2
1638 1
1639 2
1641 1
1642 1
1643 1
1644 2
1646 2
1648 1
1649 6
1655 1
1656 2
1658 4
1662 1
1663 1
1664 2
1666 3
1669 5
1674 1
1675 7
1682 1
1683 1
1684 1
1685 1
1686 1
1687 2
1689 2
1691 2
1693 1
1694 2
1696 3
1699 5
1704 3
1707 4
1711 2
1713 2
1715 1
1716 6
1722 2
1724 2
1726 3
1729 1
1730 1
1731 1
1732 1
1733 2
1735 1
1736 1
1737 2
1739 2
1741 1
1742 2
1744 8
1752 2
1754 1
1755 1
1756 2
1758 3
1761 2
1763 2
1765 1
1766 1
1767 1
1768 2
1770 1
1771 9
1780 1
1781 1
1782 1
1783 1
1784 1
1785 1
1786 1
1787 3
1790 1
1791 1
1792 1
1793 1
1794 4
1798 1
1799 1
1800 1
1801 2
1803 1
1804 3
1807 1
1808 1
1809 1
1810 1
1811 2
1813 3
1816 1
1817 3
1820 1
1821 2
1823 1
1824 1
1825 1
1826 1
1827 1
1828 1
1829 1
1830 2
1832 1
1833 1
1834 1
1835 1
1836 1
1837 1
1838 1
1839 1
1840 1
1841 1
1842 1
1843 1
1844 1
1845 1
1846 1
1847 1
1848 1
1849 3
1852 2
1854 1
1855 1
1856 1
1857 3
1860 3
1863 3
1866 1
1867 1
1868 1
1869 2
1871 1
1872 2
1874 1
1875 4
1879 1
1880 2
1882 4
1886 3
1889 3
1892 1
1893 1
1894 2
1896 1
1897 1
1898 1
1899 1
1900 1
1901 5
1906 1
1907 2
1909 2
1911 3
1914 1
1915 1
1916 4
1920 2
1922 1
1923 1
1924 1
1925 1
1926 2
1928 1
1929 1
1930 2
1932 2
1934 1
1935 1
1936 2
1938 1
1939 3
1942 4
1946 1
1947 1
1948 1
1949 1
1950 1
1951 1
1952 1
1953 1
1954 1
1955 1
1956 1
1957 1
1958 1
1959 1
1960 1
1961 1
1962 1
1963 1
1964 4
1968 5
1973 2
1975 2
1977 1
1978 1
1979 1
1980 1
1981 5
1986 5
1991 3
1994 2
1996 1
1997 1
1998 1
1999 2
2001 3
2004 1
2005 1
2006 1
2007 3
2010 3
2013 3
2016 2
2018 3
2021 4
2025 1
2026 1
2027 1
2028 1
2029 2
2031 3
2034 2
2036 1
2037 1
2038 1
2039 1
2040 1
2041 1
2042 2
2044 1
2045 1
2046 1
2047 1
2048 1
2049 2
2051 1
2052 1
2053 1
2054 2
2056 1
2057 1
2058 1
2059 1
2060 1
2061 1
2062 1
2063 2
2065 1
2066 1
2067 1
2068 2
2070 1
2071 2
2073 1
2074 1
2075 1
2076 1
2077 1
2078 1
2079 2
2081 1
2082 1
2083 1
2084 1
2085 8
2093 10
2103 6
2109 14
2123 1
2124 1
2125 1
2126 1
2127 1
2128 1
2129 1
2130 1
2131 5
2136 12
2148 5
2153 8
2161 2
2163 1
2164 2
2166 2
2168 1
2169 1
2170 1
2171 1
2172 1
2173 1
2174 6
2180 6
2186 12
